price_4h,required_price_8h
0,439.43221568086261
5,439.43221568086261
10,439.43221568086261
15,439.43221568086261
20,439.43221568086261
25,439.43221568086261
30,439.43221568086261
35,439.43221568086261
40,439.43221568086261
45,439.43221568086261
50,439.43221568086261
55,439.43221568086261
60,439.43221568086261
65,439.43221568086261
70,439.43221568086261
75,439.43221568086261
80,439.43221568086261
85,439.43221568086261
90,439.43221568086261
95,439.43221568086261
100,439.43221568086261
105,439.43221568086261
110,439.43221568086261
115,439.43221568086261
120,439.43221568086261
125,439.43221568086261
130,439.43221568086261
135,439.43221568086261
140,439.43221568086261
145,439.43221568086261
150,439.43221568086261
155,439.43221568086261
160,439.43221568086261
165,439.43221568086261
170,439.43221568086261
175,439.43221568086261
180,439.43221568086261
185,439.43221568086261
190,439.43221568086261
195,439.43221568086261
200,439.43221568086261
205,439.43221568086261
210,439.43221568086261
215,439.43221568086261
220,439.43221568086261
225,439.43221568086261
230,439.43221568086261
235,439.43221568086261
240,439.43221568086261
245,439.43221568086261
250,439.43221568086261
255,439.43221568086261
260,439.43221568086261
265,439.43221568086261
269.60599692689493,439.43221568086267
270,439.93128624012911
275,446.26461957346248
280,452.59795290679574
285,458.93128624012911
290,465.26461957346248
295,471.59795290679574
300,477.93128624012911
305,484.26461957346248
310,490.59795290679574
315,496.93128624012911
320,503.26461957346248
325,509.59795290679574
330,515.93128624012911
335,522.26461957346248
340,528.59795290679574
345,534.93128624012911
350,541.26461957346248
355,547.59795290679574
360,553.93128624012911
365,560.26461957346248
370,566.59795290679574
375,572.93128624012911
380,579.26461957346248
385,585.59795290679574
390,591.93128624012911
395,598.26461957346248
400,604.59795290679574
405,610.93128624012911
410,617.26461957346237
415,623.59795290679574
420,629.93128624012911
425,636.26461957346237
430,642.59795290679574
435,648.93128624012911
440,655.26461957346237
445,661.59795290679574
450,667.93128624012911
455,674.26461957346237
460,680.59795290679574
465,686.93128624012911
470,693.26461957346237
475,699.59795290679574
480,705.93128624012911
485,712.26461957346237
490,718.59795290679574
495,724.93128624012911
500,731.26461957346237
505,737.59795290679574
510,743.93128624012911
515,750.26461957346237
520,756.59795290679574
525,762.93128624012911
530,769.26461957346237
535,775.59795290679574
540,781.93128624012911
545,788.26461957346237
550,794.59795290679574
555,800.93128624012911
560,807.26461957346237
565,813.59795290679574
570,819.93128624012911
575,826.26461957346237
580,832.59795290679574
585,838.93128624012911
590,845.26461957346237
595,851.59795290679574
600,857.93128624012911
605,864.26461957346237
610,870.59795290679574
615,876.93128624012911
620,883.26461957346237
625,889.59795290679574
630,895.93128624012911
635,902.26461957346237
640,908.59795290679574
645,914.93128624012911
650,921.26461957346237
655,927.59795290679574
660,933.93128624012911
665,940.26461957346237
670,946.59795290679574
675,952.93128624012911
680,959.26461957346237
685,965.59795290679574
690,971.93128624012911
695,978.26461957346237
700,984.59795290679574
705,990.93128624012911
710,997.26461957346237
715,1003.5979529067957
720,1009.9312862401291
725,1016.2646195734624
730,1022.5979529067957
735,1028.9312862401291
740,1035.2646195734624
745,1041.5979529067959
750,1047.9312862401291
755,1054.2646195734624
760,1060.5979529067959
765,1066.9312862401291
770,1073.2646195734624
775,1079.5979529067959
780,1085.9312862401291
785,1092.2646195734624
790,1098.5979529067959
795,1104.9312862401291
800,1111.2646195734624
805,1117.5979529067959
810,1123.9312862401291
815,1130.2646195734624
820,1136.5979529067956
825,1142.9312862401291
830,1149.2646195734624
835,1155.5979529067956
840,1161.9312862401291
845,1168.2646195734624
850,1174.5979529067956
855,1180.9312862401291
860,1187.2646195734624
865,1193.5979529067956
870,1199.9312862401291
875,1206.2646195734624
880,1212.5979529067956
885,1218.9312862401291
890,1225.2646195734624
895,1231.5979529067956
900,1237.9312862401291
905,1244.2646195734624
910,1250.5979529067956
915,1256.9312862401291
920,1263.2646195734624
925,1269.5979529067956
930,1275.9312862401291
935,1282.2646195734624
940,1288.5979529067956
945,1294.9312862401291
950,1301.2646195734624
955,1307.5979529067956
960,1313.9312862401291
965,1320.2646195734624
970,1326.5979529067956
975,1332.9312862401291
980,1339.2646195734624
985,1345.5979529067956
990,1351.9312862401291
995,1358.2646195734624
1000,1364.5979529067956
1005,1370.9312862401291
1010,1377.2646195734624
1015,1383.5979529067956
1020,1389.9312862401291
1025,1396.2646195734624
1030,1402.5979529067956
1035,1408.9312862401291
1040,1415.2646195734624
1045,1421.5979529067956
1050,1427.9312862401291
1055,1434.2646195734624
1060,1440.5979529067956
1065,1446.9312862401291
1070,1453.2646195734624
1075,1459.5979529067956
1080,1465.9312862401291
1085,1472.2646195734624
1090,1478.5979529067956
1095,1484.9312862401291
1100,1491.2646195734624
1105,1497.5979529067956
1110,1503.9312862401291
1115,1510.2646195734624
1120,1516.5979529067956
1125,1522.9312862401291
1130,1529.2646195734624
1135,1535.5979529067956
1140,1541.9312862401291
1145,1548.2646195734624
1150,1554.5979529067956
1155,1560.9312862401291
1160,1567.2646195734624
1165,1573.5979529067956
1170,1579.9312862401291
1175,1586.2646195734624
1180,1592.5979529067956
1185,1598.9312862401291
1190,1605.2646195734624
1195,1611.5979529067956
1200,1617.9312862401291
1205,1624.2646195734624
1210,1630.5979529067956
1215,1636.9312862401291
1220,1643.2646195734624
1225,1649.5979529067956
1230,1655.9312862401291
1235,1662.2646195734624
1240,1668.5979529067956
1245,1674.9312862401291
1250,1681.2646195734624
1255,1687.5979529067956
1260,1693.9312862401291
1265,1700.2646195734624
1270,1706.5979529067956
1275,1712.9312862401291
1280,1719.2646195734624
1285,1725.5979529067956
1290,1731.9312862401291
1295,1738.2646195734624
1300,1744.5979529067956
1305,1750.9312862401291
1310,1757.2646195734624
1315,1763.5979529067956
1320,1769.9312862401291
1325,1776.2646195734624
1330,1782.5979529067956
1335,1788.9312862401291
1340,1795.2646195734624
1345,1801.5979529067956
1350,1807.9312862401291
1355,1814.2646195734624
1360,1820.5979529067956
1365,1826.9312862401291
1370,1833.2646195734624
1375,1839.5979529067956
1380,1845.9312862401291
1385,1852.2646195734624
1390,1858.5979529067956
1395,1864.9312862401291
1400,1871.2646195734624
1405,1877.5979529067956
1410,1883.9312862401291
1415,1890.2646195734624
1420,1896.5979529067956
1425,1902.9312862401291
1430,1909.2646195734624
1435,1915.5979529067956
1440,1921.9312862401291
1445,1928.2646195734624
1450,1934.5979529067956
1455,1940.9312862401291
1460,1947.2646195734624
1465,1953.5979529067956
1470,1959.9312862401291
1475,1966.2646195734624
1480,1972.5979529067956
1485,1978.9312862401291
1490,1985.2646195734624
1495,1991.5979529067956
1500,1997.9312862401291
